14 9 5
30 7 5 1
38
45 13
97 35 12 5
40 19 10 3
30 15 3
26
74 60 28 25
15
3
65 15
42 7
66 58 19 2
7
61 53 44 3
88 77 21 10 1
67 53 28 4
63 24 18 5
84 2
7 2
63 56 33 20 4 1
19 16 2
55 47 32 31 25 15 1
27 11 3
63 9 1
6 5 1
39 12 7
9 3 2
41 3
28 8 7 4
51 25 4
41 32 15 1
77 71 32 20 4
11 8 7 2
93 27 8 2 1
61 47 22 14 11 2 1
23 18 1
18 14 13 2
93 81 36 5 1
56 40 3 1
29 6 3 1
3 1
31 20 17 12 7 2 1
85 36 10 5
29 25 16 8 4 1
78 58 18 6 3 1
97 89 68 43 24 10 1
72 42 31 14 12 1
13 1
71 15 8 2 1
21 9 1
35 24 10 9 2 1
29 6 4 1
64 25 9 8 2
70 20 14 2 1
15 6 2
17 1
10 4 2
19 14 7 2
16 10 7 1
916 511 371 244 25 2 1
671 579 448 267 139 12
737 496 302 28 13 11 8 5 2
959 725 61 34 31 19 12 10 3 2
939 814 206 87 36 20 5 4 2
265 211 184 26 7
968 452 279 131 54 33 15 8
22 10
293 268 219 94 9
334 286 16 12 10 6 2
945 883 393 33 23 4 2
19 16 8 7 6 4
520 362 297 142 113 10 4 2
363 173 101 48 35 30 19 10 9 4
97 30 22 20 5 1
609 292 227 223 175 49 30 9 4 2 1
471 394 71 56 16 13 2
89 80 27 24 19 2 1
256 242 237 53 26 3 1
189 15 2 1
775 419 130 63 25 14 2
450 360 324 177 26 8 1
680 172 37 6 5 1
800 376 336 214 185 87 59 56 51 48 1
334 270 250 117 7 2
176 28 6 5
795 263 93 54 45 31 7 1
615 281 263 7 4
521 308 88 8 3 2
114 1
729 681 365 133 13 10 5 3
567 214 131 96 23
960 933 370 58 56 48 3 1
59 15 2 1
571 389 333 11 1
287 211 144 109 96 44 43 32 17 10 2 1
949 71 48 15 13 10 6 3 2
461 438 242 67 7 5 1
247 108 46 14 4 1
