20 18 8 5
2 1
57 38
86 49 45 13
77 45 39 26 9 5
79 76 70 57 10 3
86 75 71 57 41 40 30 14 13 6 3
49 26
30 28 26 25
22 15
68 40 32 11 3
38 37 21 15
59 56 24 23 7
31 27 19 2
92 57 7
11 4 3
1
22 15 10 4
5
79 70 59 36 12 10 5 2
24 19 16 15 5 2
15 6 4 1
47 43 42 33 30 25 16 5 2
30 28 25 17 15 9 7 3 1
90 87 24 18 17 11 3
75 74 15 14 9 1
84 83 40 38 16 13 12 10 5 4 1
16 12 7
40 35 24 20 10 9 3 2
49 43 29 27 20 11 6 3
42 40 33 31 12 8 7 4
57 56 49 48 44 41 39 23 18 16 7 4
23 10 6 1
92 78 50 47 36 10 5 4
5 2
24 23 8 5 3 2 1
18 14 11 7 5 4 2 1
69 56 53 51 47 28 15 13 10 5 1
65 64 59 55 50 40 39 26 23 21 13 2
57 55 24 20 17 13 10 3 1
39 35 34 25 18 17 11 10 6 2 1
66 65 39 4 2 1
95 93 11 10 8 6 5 2 1
45 44 5 4 2 1
52 51 50 32 31 28 6 5
33 20 18 6 5 4 3 1
65 42 41 17 15 13 12 11 8 7 6 5 3 1
27 4 1
40 31 24 23 18 17 10 9 5 4 3 2 1
48 16 15 14 4 3 2 1
5 2 1
38 11 3 2 1
20 18 11 10 9 8 7 4 2 1
34 32 28 27 7 6 2 1
22 20 19 17 16 7 4 3 2
21 20 16 9 8 5 4 2 1
38 33 32 17 15 3 2
3 2 1
12 6 5 4 2
72 71 14 13 12 10 9 5 4 2
43 18 15 13 7 6 5 4 1
902 901 822 821 332 329 328 326 149 148 74 73 60 59 48 47 12 11 2 1
691 408 95 92 44 41 26 25 15 12
259 157 30 28 21 19 11 10 8 5 2
507 506 449 139 137 116 115 110 109 40 39 38 34 6 4 3 2
339 294 293 261 246 244 100 4 2
183 150 144 111 105 103 98 41 37 17 7
680 219 217 63 55 33 32 21 15 8
844 843 766 742 729 685 684 435 429 181 180 104 75 67 43 40 34 21 10
676 669 657 556 548 70 39 31 9
885 884 804 800 273 270 264 47 5 2
99 98 54 53 52 10 9 4 2
681 680 124 86 85 48 13 12 6 4
11 10 8 7 3 2
821 9 4
373 351 350 333 109 14 13 12 10 9 7 6 5 2 1
805 672 556 555 120 119 100 41 40 36 35 22 21 20 19 18 2 1
47 45 29 23 17 16 4 3 2
12 11 10 9 6 2 1
787 786 608 14 13 9 8 3 1
712 711 342 341 37 36 21 20 16 15 2 1
310 227 130 123 75 71 38 36 31 30 25 17 14 13 12 5 2
96 83 82 79 44 43 32 31 30 27 15 2 1
439 133 122 120 78 77 34 24 16 14 13 9 6 5 1
331 330 71 68 66 60 9 8 2 1
756 755 470 262 261 153 152 137 46 45 14 13 10 9 4 3 2
81 70 6 5
761 760 661 560 557 514 498 495 368 196 191 132 127 124 108 107 93 64 61 33 32 22 17 8 7 3 1
915 912 876 875 848 846 805 754 752 698 697 320 314 112 107 62 60 40 15 9 7 6 4
403 400 299 203 201 151 68 66 10 8 6 3 2
644 643 520 519 242 241 213 212 193 192 37 36 35 34 22 21 20 19 4 3 2 1
385 5 3
45 23
645 644 82 80 41 40 39 38 2 1
362 361 267 266 166 165 61 60 8 7 4 3 2 1
264 263 256 255 194 192 162 149 148 100 66 65 34 33 25 24 17 16 2 1
164 162 158 157 154 111 110 107 106 98 92 72 71 16 15 9 6 2 1
310 207 81 80 27 26 3 2
344 343 329 325 323 119 115 48 3 1
641 640 633 173 157 149 148 110 104 101 99 73 55 54 49 48 29 28 25 23 22 21 14 13 12 9 2 1
